TEFF   4904.  GRAVITY 2.40000 LTE 
TITLE Sgr 628 (141) model 4                                                     
 OPACITY IFOP 1 1 1 1 1 1 1 1 1 1 1 1 1 0 1 0 0 0 0 0
 CONVECTION ON   1.25 TURBULENCE OFF  0.00  0.00  0.00  0.00
ABUNDANCE SCALE   1.00000 ABUNDANCE CHANGE 1 0.91930 2 0.07824
 ABUNDANCE CHANGE  3 -10.94  4 -10.64  5  -9.49  6  -3.52  7  -4.12  8  -3.21
 ABUNDANCE CHANGE  9  -7.48 10  -3.96 11  -5.71 12  -4.46 13  -5.57 14  -4.49
 ABUNDANCE CHANGE 15  -6.59 16  -4.71 17  -6.54 18  -5.64 19  -6.92 20  -5.68
 ABUNDANCE CHANGE 21  -8.87 22  -7.02 23  -8.04 24  -6.37 25  -6.65 26  -4.54
 ABUNDANCE CHANGE 27  -7.12 28  -5.79 29  -7.83 30  -7.44 31  -9.16 32  -8.63
 ABUNDANCE CHANGE 33  -9.67 34  -8.63 35  -9.41 36  -8.73 37  -9.44 38  -9.07
 ABUNDANCE CHANGE 39  -9.80 40  -9.44 41 -10.62 42 -10.12 43 -20.00 44 -10.20
 ABUNDANCE CHANGE 45 -10.92 46 -10.35 47 -11.10 48 -10.27 49 -10.38 50 -10.04
 ABUNDANCE CHANGE 51 -11.04 52  -9.80 53 -10.53 54  -9.87 55 -10.91 56  -9.91
 ABUNDANCE CHANGE 57 -10.87 58 -10.46 59 -11.33 60 -10.54 61 -20.00 62 -11.03
 ABUNDANCE CHANGE 63 -11.53 64 -10.92 65 -11.69 66 -10.90 67 -11.78 68 -11.11
 ABUNDANCE CHANGE 69 -12.04 70 -10.96 71 -11.98 72 -11.16 73 -12.17 74 -10.93
 ABUNDANCE CHANGE 75 -11.76 76 -10.59 77 -10.69 78 -10.24 79 -11.03 80 -10.91
 ABUNDANCE CHANGE 81 -11.14 82 -10.09 83 -11.33 84 -20.00 85 -20.00 86 -20.00
 ABUNDANCE CHANGE 87 -20.00 88 -20.00 89 -20.00 90 -11.95 91 -20.00 92 -12.54
 ABUNDANCE CHANGE 93 -20.00 94 -20.00 95 -20.00 96 -20.00 97 -20.00 98 -20.00
 ABUNDANCE CHANGE 99 -20.00
READ DECK6 72 RHOX,T,P,XNE,ABROSS,ACCRAD,VTURB, FLXCNV,VCOMV,VELSND
 4.58588550E-03   2785.2 1.152E+00 5.708E+07 2.908E-05 9.104E-03 1.000E+05 0.000E+00 0.000E+00 7.836E+05
 5.99938449E-03   2835.2 1.507E+00 8.233E+07 3.385E-05 8.950E-03 1.000E+05 0.000E+00 0.000E+00 7.423E+05
 7.64013804E-03   2878.5 1.919E+00 1.132E+08 3.844E-05 8.731E-03 1.000E+05 0.000E+00 0.000E+00 7.118E+05
 9.55248713E-03   2921.2 2.399E+00 1.527E+08 4.427E-05 8.521E-03 1.000E+05 0.000E+00 0.000E+00 6.892E+05
 1.17689684E-02   2962.4 2.956E+00 2.020E+08 5.086E-05 8.347E-03 1.000E+05 0.000E+00 0.000E+00 6.721E+05
 1.43458753E-02   3002.0 3.603E+00 2.626E+08 5.825E-05 8.190E-03 1.000E+05 0.000E+00 0.000E+00 6.589E+05
 1.73504490E-02   3040.0 4.358E+00 3.363E+08 6.656E-05 8.008E-03 1.000E+05 0.000E+00 0.000E+00 6.487E+05
 2.08564373E-02   3076.8 5.239E+00 4.258E+08 7.607E-05 7.838E-03 1.000E+05 0.000E+00 0.000E+00 6.407E+05
 2.49522777E-02   3112.8 6.268E+00 5.340E+08 8.672E-05 7.716E-03 1.000E+05 0.000E+00 0.000E+00 6.345E+05
 2.97481418E-02   3148.1 7.472E+00 6.647E+08 9.869E-05 7.636E-03 1.000E+05 0.000E+00 0.000E+00 6.298E+05
 3.53677540E-02   3183.0 8.884E+00 8.222E+08 1.123E-04 7.516E-03 1.000E+05 0.000E+00 0.000E+00 6.262E+05
 4.19475296E-02   3217.3 1.054E+01 1.011E+09 1.280E-04 7.390E-03 1.000E+05 0.000E+00 0.000E+00 6.237E+05
 4.96471755E-02   3250.8 1.247E+01 1.235E+09 1.459E-04 7.276E-03 1.000E+05 0.000E+00 0.000E+00 6.218E+05
 5.86585850E-02   3283.9 1.473E+01 1.502E+09 1.662E-04 7.211E-03 1.000E+05 0.000E+00 0.000E+00 6.207E+05
 6.92070005E-02   3316.8 1.738E+01 1.820E+09 1.893E-04 7.164E-03 1.000E+05 0.000E+00 0.000E+00 6.201E+05
 8.15674691E-02   3349.5 2.049E+01 2.197E+09 2.153E-04 7.036E-03 1.000E+05 0.000E+00 0.000E+00 6.200E+05
 9.60482711E-02   3381.7 2.413E+01 2.644E+09 2.453E-04 6.989E-03 1.000E+05 0.000E+00 0.000E+00 6.202E+05
 1.12972962E-01   3414.1 2.838E+01 3.174E+09 2.802E-04 7.016E-03 1.000E+05 0.000E+00 0.000E+00 6.208E+05
 1.32705540E-01   3446.7 3.333E+01 3.801E+09 3.208E-04 7.098E-03 1.000E+05 0.000E+00 0.000E+00 6.217E+05
 1.55919940E-01   3479.1 3.916E+01 4.544E+09 3.587E-04 6.512E-03 1.000E+05 0.000E+00 0.000E+00 6.228E+05
 1.84155068E-01   3513.2 4.626E+01 5.460E+09 3.884E-04 5.022E-03 1.000E+05 0.000E+00 0.000E+00 6.242E+05
 2.18722659E-01   3537.6 5.494E+01 6.477E+09 4.255E-04 4.379E-03 1.000E+05 0.000E+00 0.000E+00 6.249E+05
 2.60453389E-01   3576.2 6.542E+01 7.867E+09 4.734E-04 3.490E-03 1.000E+05 0.000E+00 0.000E+00 6.270E+05
 3.10613216E-01   3585.6 7.802E+01 9.139E+09 5.239E-04 3.487E-03 1.000E+05 0.000E+00 0.000E+00 6.269E+05
 3.70177686E-01   3631.4 9.298E+01 1.120E+10 5.960E-04 2.909E-03 1.000E+05 0.000E+00 0.000E+00 6.298E+05
 4.40418378E-01   3638.2 1.106E+02 1.294E+10 6.704E-04 3.034E-03 1.000E+05 0.000E+00 0.000E+00 6.297E+05
 5.22467058E-01   3656.8 1.312E+02 1.516E+10 7.753E-04 3.390E-03 1.000E+05 0.000E+00 0.000E+00 6.306E+05
 6.17508469E-01   3671.4 1.551E+02 1.761E+10 8.890E-04 3.729E-03 1.000E+05 0.000E+00 0.000E+00 6.312E+05
 7.27680316E-01   3688.5 1.828E+02 2.047E+10 1.026E-03 4.179E-03 1.000E+05 0.000E+00 0.000E+00 6.322E+05
 8.54794691E-01   3706.3 2.147E+02 2.376E+10 1.187E-03 4.715E-03 1.000E+05 0.000E+00 0.000E+00 6.332E+05
 1.00098414E+00   3725.6 2.514E+02 2.757E+10 1.380E-03 5.383E-03 1.000E+05 0.000E+00 0.000E+00 6.344E+05
 1.16833379E+00   3746.6 2.935E+02 3.198E+10 1.612E-03 6.233E-03 1.000E+05 0.000E+00 0.000E+00 6.358E+05
 1.35873109E+00   3770.6 3.413E+02 3.713E+10 1.896E-03 7.349E-03 1.000E+05 0.000E+00 0.000E+00 6.373E+05
 1.57322274E+00   3798.5 3.952E+02 4.319E+10 2.251E-03 8.977E-03 1.000E+05 0.000E+00 0.000E+00 6.394E+05
 1.81699897E+00   3839.9 4.564E+02 5.104E+10 2.610E-03 9.341E-03 1.000E+05 0.000E+00 0.000E+00 6.426E+05
 2.09908374E+00   3877.2 5.273E+02 5.988E+10 2.996E-03 9.561E-03 1.000E+05 0.000E+00 0.000E+00 6.455E+05
 2.42696848E+00   3912.5 6.096E+02 7.003E+10 3.436E-03 9.938E-03 1.000E+05 0.000E+00 0.000E+00 6.482E+05
 2.80824268E+00   3946.6 7.054E+02 8.173E+10 3.941E-03 1.045E-02 1.000E+05 0.000E+00 0.000E+00 6.508E+05
 3.25144048E+00   3980.1 8.167E+02 9.527E+10 4.521E-03 1.113E-02 1.000E+05 0.000E+00 0.000E+00 6.533E+05
 3.76777622E+00   4014.8 9.464E+02 1.112E+11 5.163E-03 1.173E-02 1.000E+05 0.000E+00 0.000E+00 6.560E+05
 4.37075327E+00   4049.7 1.098E+03 1.298E+11 5.897E-03 1.243E-02 1.000E+05 0.000E+00 0.000E+00 6.587E+05
 5.07450343E+00   4085.2 1.275E+03 1.515E+11 6.742E-03 1.328E-02 1.000E+05 0.000E+00 0.000E+00 6.614E+05
 5.89452093E+00   4122.1 1.481E+03 1.771E+11 7.724E-03 1.432E-02 1.000E+05 0.000E+00 0.000E+00 6.643E+05
 6.84787960E+00   4161.3 1.720E+03 2.073E+11 8.868E-03 1.558E-02 1.000E+05 0.000E+00 0.000E+00 6.674E+05
 7.95697972E+00   4204.3 1.999E+03 2.432E+11 1.015E-02 1.688E-02 1.000E+05 0.000E+00 0.000E+00 6.709E+05
 9.24844861E+00   4251.4 2.323E+03 2.861E+11 1.163E-02 1.839E-02 1.000E+05 0.000E+00 0.000E+00 6.747E+05
 1.07490258E+01   4304.1 2.700E+03 3.374E+11 1.337E-02 2.018E-02 1.000E+05 0.000E+00 0.000E+00 6.791E+05
 1.24879395E+01   4364.1 3.137E+03 3.992E+11 1.540E-02 2.227E-02 1.000E+05 0.000E+00 0.000E+00 6.842E+05
 1.45011551E+01   4433.4 3.642E+03 4.738E+11 1.774E-02 2.473E-02 1.000E+05 0.000E+00 0.000E+00 6.903E+05
 1.68303938E+01   4515.4 4.227E+03 5.643E+11 2.045E-02 2.762E-02 1.000E+05 0.000E+00 0.000E+00 6.975E+05
 1.95388812E+01   4610.9 4.908E+03 6.744E+11 2.327E-02 3.020E-02 1.000E+05 0.000E+00 0.000E+00 7.060E+05
 2.27484802E+01   4717.3 5.714E+03 8.096E+11 2.601E-02 3.214E-02 1.000E+05 0.000E+00 0.000E+00 7.151E+05
 2.65566320E+01   4839.7 6.670E+03 9.827E+11 2.942E-02 3.508E-02 1.000E+05 0.000E+00 0.000E+00 7.253E+05
 3.10006032E+01   4982.9 7.786E+03 1.222E+12 3.403E-02 3.946E-02 1.000E+05 0.000E+00 0.000E+00 7.364E+05
 3.60247899E+01   5150.5 9.048E+03 1.597E+12 4.107E-02 4.663E-02 1.000E+05 0.000E+00 0.000E+00 7.485E+05
 4.13986683E+01   5344.1 1.040E+04 2.271E+12 5.312E-02 5.894E-02 1.000E+05 0.000E+00 0.000E+00 7.613E+05
 4.66606402E+01   5568.1 1.172E+04 3.586E+12 7.629E-02 8.368E-02 1.000E+05 1.589E-10 2.703E+02 7.746E+05
 5.13326955E+01   5826.6 1.289E+04 6.237E+12 1.194E-01 1.297E-01 1.000E+05 5.429E-07 3.976E+03 7.878E+05
 5.51570748E+01   6124.5 1.385E+04 1.168E+13 2.017E-01 2.186E-01 1.000E+05 4.234E-05 1.665E+04 7.994E+05
 5.80780293E+01   6466.4 1.458E+04 2.297E+13 3.624E-01 3.928E-01 1.000E+05 1.464E-03 5.301E+04 8.077E+05
 6.01823365E+01   6857.3 1.511E+04 4.640E+13 6.869E-01 7.317E-01 1.000E+05 1.369E-02 1.077E+05 8.114E+05
 6.16350041E+01   7280.0 1.548E+04 9.159E+13 1.330E+00 1.251E+00 1.000E+05 9.046E-02 1.902E+05 8.122E+05
 6.26851471E+01   7646.6 1.574E+04 1.557E+14 2.316E+00 1.560E+00 1.000E+05 3.900E-01 3.030E+05 8.143E+05
 6.35535995E+01   7920.3 1.595E+04 2.242E+14 3.478E+00 1.469E+00 1.000E+05 6.209E-01 3.427E+05 8.181E+05
 6.43707296E+01   8128.1 1.616E+04 2.912E+14 4.709E+00 1.294E+00 1.000E+05 7.485E-01 3.513E+05 8.228E+05
 6.51955123E+01   8307.3 1.637E+04 3.610E+14 6.095E+00 1.173E+00 1.000E+05 8.256E-01 3.550E+05 8.280E+05
 6.60592759E+01   8467.7 1.658E+04 4.343E+14 7.652E+00 1.063E+00 1.000E+05 8.726E-01 3.525E+05 8.337E+05
 6.69873750E+01   8616.0 1.681E+04 5.123E+14 9.409E+00 9.842E-01 1.000E+05 9.052E-01 3.519E+05 8.398E+05
 6.79971441E+01   8761.7 1.707E+04 5.992E+14 1.148E+01 9.079E-01 1.000E+05 9.271E-01 3.470E+05 8.465E+05
 6.91113281E+01   8897.4 1.734E+04 6.905E+14 1.377E+01 8.453E-01 1.000E+05 9.444E-01 3.459E+05 8.535E+05
 7.03462039E+01   9041.3 1.765E+04 7.982E+14 1.661E+01 7.923E-01 1.000E+05 9.562E-01 3.411E+05 8.615E+05
 7.17263842E+01   9172.2 1.800E+04 9.080E+14 1.963E+01 7.814E-01 1.000E+05 9.636E-01 3.383E+05 8.694E+05
PRADK 7.7206E-01
BEGIN                    ITERATION  15 COMPLETED
