VTUR
    1 1.95 1.85 2.05
AVER
LINE      9.92  615.1617    SGR 141
  615.1617 -3.299  3.0   17550.175  2.0   33801.567    26.00(4P)4s a5P(4F)4p y5D
  615.1617   0  8.19 -6.20 -7.82FMW  0 0  0  0.000  0  0.000
LINE      7.53  670.3568    SGR 141
  670.3568 -3.160  3.0   22249.428  3.0   37162.740    26.00(2G)4s a3G(4F)4p y3F
  670.3568   0  8.01 -6.07 -7.80FMW  0 0  0  0.000  0  0.000
LINE      2.56  585.8779    SGR 141
  585.8779 -2.260  5.0   51103.187  4.0   34039.513    26.00s6D)4d f5F(4F)4p y5F
  585.8779   0  8.44 -5.05 -7.75FMW  0 0  0  0.000  0  0.000
LINE      6.16  585.6083    SGR 141
  585.6083 -1.640  2.0   34636.780  2.0   51708.309    26.00s2 b1D2   (2P)4p y1D
  585.6083   0  7.94 -5.68 -7.84FMW  0 0  0  0.000  0  0.000
LINE     10.41  588.3813    SGR 141
  588.3813 -1.360  2.0   48928.389  1.0   31937.316    26.00(4F)5s e3F(5D)sp z3D
  588.3813   0  6.87 -6.24 -7.87FMW  0 0  0  0.000  0  0.000
LINE      9.10  649.6469    SGR 141
  649.6469 -0.570  2.0   54066.758  2.0   38678.032    26.00(4F)4d f3D(4F)4p y3D
  649.6469   0  8.36 -4.85 -7.75FMW  0 0  0  0.000  0  0.000
LINE      8.28  489.2871    SGR 141
  489.2871 -1.290  1.0   54449.290  1.0   34017.098    26.00(4F)4d f3D(4F)4p y5D
  489.2871   0  8.39 -5.21 -7.76FMW  0 0  0  0.000  0  0.000
LINE     10.54  506.7151    SGR 141
  506.7151 -0.970  4.0   53768.969  4.0   34039.513    26.00(4F)4d f5G(4F)4p y5F
  506.7151   0  8.32 -5.00 -7.77FMW  0 0  0  0.000  0  0.000
LINE      7.17  552.5539    SGR 141
  552.5539 -1.330  1.0   52214.336  0.0   34121.580    26.00s4D)5s g5D(4F)4p y5D
  552.5539   0  8.38 -5.52 -7.64FMW  0 0  0  0.000  0  0.000
AVER
AVER
LINE      5.44  525.6938    SGR 141
  525.6938 -4.250  2.5   23317.633  2.5   42334.822    26.01d5 4s2 a6S(5D)4p z6F
  525.6938   0  8.53 -6.53 -7.91K88  0 0  0  0.000  0  0.000
LINE      3.76  510.0664    SGR 141
  510.0664 -4.370  4.5   22637.205  3.5   42237.033    26.01(3F)4s b4F(5D)4p z6F
  510.0664   0  8.54 -6.60 -7.95FMW  0 0  0  0.000  0  0.000
LINE      4.43  513.2669    SGR 141
  513.2669 -4.180  4.5   22637.205  4.5   42114.818    26.01(3F)4s b4F(5D)4p z6F
  513.2669   0  8.54 -6.60 -7.95FMW  0 0  0  0.000  0  0.000
LINE      8.35  499.3358    SGR 141
  499.3358 -3.650  4.5   22637.205  3.5   42658.224    26.01(3F)4s b4F(5D)4p z6P
  499.3358   0  8.48 -6.59 -7.95FMW  0 0  0  0.000  0  0.000
LINE      7.10  526.4812    SGR 141
  526.4812 -3.190  2.5   26055.423  1.5   45044.168    26.01(3G)4s a4G(5D)4p z4D
  526.4812   0  8.61 -6.67 -7.95FMW  0 0  0  0.000  0  0.000
AVER
END
TEFF   4904.  GRAVITY 2.30000 LTE 
TITLE Sgr 628 (141) model 4                                                     
 OPACITY IFOP 1 1 1 1 1 1 1 1 1 1 1 1 1 0 1 0 0 0 0 0
 CONVECTION ON   1.25 TURBULENCE OFF  0.00  0.00  0.00  0.00
ABUNDANCE SCALE   1.00000 ABUNDANCE CHANGE 1 0.91930 2 0.07824
 ABUNDANCE CHANGE  3 -10.94  4 -10.64  5  -9.49  6  -3.52  7  -4.12  8  -3.21
 ABUNDANCE CHANGE  9  -7.48 10  -3.96 11  -5.71 12  -4.46 13  -5.57 14  -4.49
 ABUNDANCE CHANGE 15  -6.59 16  -4.71 17  -6.54 18  -5.64 19  -6.92 20  -5.68
 ABUNDANCE CHANGE 21  -8.87 22  -7.02 23  -8.04 24  -6.37 25  -6.65 26  -4.54
 ABUNDANCE CHANGE 27  -7.12 28  -5.79 29  -7.83 30  -7.44 31  -9.16 32  -8.63
 ABUNDANCE CHANGE 33  -9.67 34  -8.63 35  -9.41 36  -8.73 37  -9.44 38  -9.07
 ABUNDANCE CHANGE 39  -9.80 40  -9.44 41 -10.62 42 -10.12 43 -20.00 44 -10.20
 ABUNDANCE CHANGE 45 -10.92 46 -10.35 47 -11.10 48 -10.27 49 -10.38 50 -10.04
 ABUNDANCE CHANGE 51 -11.04 52  -9.80 53 -10.53 54  -9.87 55 -10.91 56  -9.91
 ABUNDANCE CHANGE 57 -10.87 58 -10.46 59 -11.33 60 -10.54 61 -20.00 62 -11.03
 ABUNDANCE CHANGE 63 -11.53 64 -10.92 65 -11.69 66 -10.90 67 -11.78 68 -11.11
 ABUNDANCE CHANGE 69 -12.04 70 -10.96 71 -11.98 72 -11.16 73 -12.17 74 -10.93
 ABUNDANCE CHANGE 75 -11.76 76 -10.59 77 -10.69 78 -10.24 79 -11.03 80 -10.91
 ABUNDANCE CHANGE 81 -11.14 82 -10.09 83 -11.33 84 -20.00 85 -20.00 86 -20.00
 ABUNDANCE CHANGE 87 -20.00 88 -20.00 89 -20.00 90 -11.95 91 -20.00 92 -12.54
 ABUNDANCE CHANGE 93 -20.00 94 -20.00 95 -20.00 96 -20.00 97 -20.00 98 -20.00
 ABUNDANCE CHANGE 99 -20.00
READ DECK6 72 RHOX,T,P,XNE,ABROSS,ACCRAD,VTURB, FLXCNV,VCOMV,VELSND
 4.84359324E-03   2767.7 9.664E-01 4.753E+07 2.753E-05 8.663E-03 1.000E+05 0.000E+00 0.000E+00 8.189E+05
 6.33357105E-03   2818.7 1.264E+00 6.894E+07 3.217E-05 8.496E-03 1.000E+05 0.000E+00 0.000E+00 7.715E+05
 8.05718515E-03   2862.5 1.608E+00 9.512E+07 3.665E-05 8.272E-03 1.000E+05 0.000E+00 0.000E+00 7.363E+05
 1.00720000E-02   2905.3 2.010E+00 1.285E+08 4.186E-05 8.062E-03 1.000E+05 0.000E+00 0.000E+00 7.096E+05
 1.24175592E-02   2947.0 2.478E+00 1.706E+08 4.807E-05 7.875E-03 1.000E+05 0.000E+00 0.000E+00 6.892E+05
 1.51473148E-02   2987.1 3.022E+00 2.226E+08 5.492E-05 7.729E-03 1.000E+05 0.000E+00 0.000E+00 6.733E+05
 1.83379172E-02   3025.9 3.659E+00 2.863E+08 6.262E-05 7.580E-03 1.000E+05 0.000E+00 0.000E+00 6.607E+05
 2.20672163E-02   3063.2 4.403E+00 3.635E+08 7.148E-05 7.394E-03 1.000E+05 0.000E+00 0.000E+00 6.508E+05
 2.64288183E-02   3099.6 5.273E+00 4.571E+08 8.138E-05 7.259E-03 1.000E+05 0.000E+00 0.000E+00 6.430E+05
 3.15427708E-02   3135.3 6.293E+00 5.702E+08 9.248E-05 7.164E-03 1.000E+05 0.000E+00 0.000E+00 6.368E+05
 3.75473875E-02   3170.6 7.491E+00 7.070E+08 1.050E-04 7.074E-03 1.000E+05 0.000E+00 0.000E+00 6.321E+05
 4.45967893E-02   3205.4 8.898E+00 8.712E+08 1.193E-04 6.935E-03 1.000E+05 0.000E+00 0.000E+00 6.285E+05
 5.28661454E-02   3239.5 1.055E+01 1.067E+09 1.357E-04 6.846E-03 1.000E+05 0.000E+00 0.000E+00 6.259E+05
 6.25616378E-02   3273.1 1.248E+01 1.301E+09 1.544E-04 6.762E-03 1.000E+05 0.000E+00 0.000E+00 6.240E+05
 7.39256665E-02   3306.4 1.475E+01 1.580E+09 1.756E-04 6.727E-03 1.000E+05 0.000E+00 0.000E+00 6.229E+05
 8.72641312E-02   3339.5 1.741E+01 1.911E+09 1.993E-04 6.597E-03 1.000E+05 0.000E+00 0.000E+00 6.222E+05
 1.02929934E-01   3372.1 2.054E+01 2.304E+09 2.264E-04 6.517E-03 1.000E+05 0.000E+00 0.000E+00 6.220E+05
 1.21296267E-01   3404.5 2.420E+01 2.770E+09 2.579E-04 6.512E-03 1.000E+05 0.000E+00 0.000E+00 6.222E+05
 1.42762502E-01   3437.4 2.848E+01 3.324E+09 2.947E-04 6.574E-03 1.000E+05 0.000E+00 0.000E+00 6.228E+05
 1.67843480E-01   3469.6 3.349E+01 3.973E+09 3.352E-04 6.601E-03 1.000E+05 0.000E+00 0.000E+00 6.236E+05
 1.98168898E-01   3506.1 3.954E+01 4.790E+09 3.604E-04 4.924E-03 1.000E+05 0.000E+00 0.000E+00 6.249E+05
 2.35523360E-01   3530.2 4.699E+01 5.685E+09 3.929E-04 4.255E-03 1.000E+05 0.000E+00 0.000E+00 6.255E+05
 2.80829666E-01   3570.0 5.603E+01 6.920E+09 4.350E-04 3.306E-03 1.000E+05 0.000E+00 0.000E+00 6.274E+05
 3.35576543E-01   3571.0 6.695E+01 7.954E+09 4.787E-04 3.503E-03 1.000E+05 0.000E+00 0.000E+00 6.265E+05
 4.00495996E-01   3633.0 7.992E+01 9.990E+09 5.481E-04 2.707E-03 1.000E+05 0.000E+00 0.000E+00 6.306E+05
 4.77255786E-01   3634.1 9.526E+01 1.147E+10 6.088E-04 2.767E-03 1.000E+05 0.000E+00 0.000E+00 6.299E+05
 5.67644575E-01   3653.5 1.133E+02 1.349E+10 7.052E-04 3.114E-03 1.000E+05 0.000E+00 0.000E+00 6.308E+05
 6.72072684E-01   3668.5 1.341E+02 1.571E+10 8.088E-04 3.419E-03 1.000E+05 0.000E+00 0.000E+00 6.315E+05
 7.93268589E-01   3685.6 1.583E+02 1.829E+10 9.330E-04 3.825E-03 1.000E+05 0.000E+00 0.000E+00 6.324E+05
 9.33083042E-01   3703.5 1.862E+02 2.126E+10 1.079E-03 4.311E-03 1.000E+05 0.000E+00 0.000E+00 6.334E+05
 1.09396492E+00   3722.9 2.183E+02 2.469E+10 1.254E-03 4.912E-03 1.000E+05 0.000E+00 0.000E+00 6.346E+05
 1.27816472E+00   3744.0 2.550E+02 2.866E+10 1.464E-03 5.677E-03 1.000E+05 0.000E+00 0.000E+00 6.359E+05
 1.48784501E+00   3767.7 2.969E+02 3.329E+10 1.721E-03 6.695E-03 1.000E+05 0.000E+00 0.000E+00 6.374E+05
 1.72411232E+00   3795.3 3.440E+02 3.873E+10 2.044E-03 8.180E-03 1.000E+05 0.000E+00 0.000E+00 6.395E+05
 1.99226269E+00   3836.1 3.975E+02 4.571E+10 2.375E-03 8.661E-03 1.000E+05 0.000E+00 0.000E+00 6.426E+05
 2.30224718E+00   3874.6 4.593E+02 5.369E+10 2.726E-03 8.830E-03 1.000E+05 0.000E+00 0.000E+00 6.456E+05
 2.66281176E+00   3910.6 5.313E+02 6.283E+10 3.123E-03 9.140E-03 1.000E+05 0.000E+00 0.000E+00 6.483E+05
 3.08241434E+00   3945.3 6.150E+02 7.337E+10 3.579E-03 9.583E-03 1.000E+05 0.000E+00 0.000E+00 6.509E+05
 3.57052623E+00   3979.3 7.124E+02 8.557E+10 4.104E-03 1.017E-02 1.000E+05 0.000E+00 0.000E+00 6.535E+05
 4.13973058E+00   4014.4 8.260E+02 9.990E+10 4.682E-03 1.069E-02 1.000E+05 0.000E+00 0.000E+00 6.562E+05
 4.80449787E+00   4049.3 9.586E+02 1.166E+11 5.350E-03 1.136E-02 1.000E+05 0.000E+00 0.000E+00 6.590E+05
 5.58015475E+00   4085.3 1.113E+03 1.362E+11 6.116E-03 1.212E-02 1.000E+05 0.000E+00 0.000E+00 6.618E+05
 6.48447132E+00   4122.7 1.294E+03 1.592E+11 7.001E-03 1.304E-02 1.000E+05 0.000E+00 0.000E+00 6.647E+05
 7.53674989E+00   4162.2 1.504E+03 1.864E+11 8.031E-03 1.416E-02 1.000E+05 0.000E+00 0.000E+00 6.679E+05
 8.76228592E+00   4205.4 1.748E+03 2.186E+11 9.178E-03 1.530E-02 1.000E+05 0.000E+00 0.000E+00 6.714E+05
 1.01912321E+01   4252.6 2.033E+03 2.571E+11 1.051E-02 1.663E-02 1.000E+05 0.000E+00 0.000E+00 6.752E+05
 1.18536749E+01   4305.3 2.365E+03 3.032E+11 1.206E-02 1.821E-02 1.000E+05 0.000E+00 0.000E+00 6.797E+05
 1.37832193E+01   4365.3 2.750E+03 3.585E+11 1.387E-02 2.006E-02 1.000E+05 0.000E+00 0.000E+00 6.848E+05
 1.60169356E+01   4434.7 3.196E+03 4.251E+11 1.599E-02 2.233E-02 1.000E+05 0.000E+00 0.000E+00 6.909E+05
 1.86016397E+01   4516.6 3.711E+03 5.058E+11 1.841E-02 2.487E-02 1.000E+05 0.000E+00 0.000E+00 6.981E+05
 2.16150168E+01   4612.0 4.312E+03 6.040E+11 2.090E-02 2.712E-02 1.000E+05 0.000E+00 0.000E+00 7.065E+05
 2.51908623E+01   4718.3 5.026E+03 7.249E+11 2.334E-02 2.884E-02 1.000E+05 0.000E+00 0.000E+00 7.156E+05
 2.94334622E+01   4840.6 5.872E+03 8.808E+11 2.643E-02 3.151E-02 1.000E+05 0.000E+00 0.000E+00 7.256E+05
 3.43728955E+01   4983.8 6.858E+03 1.099E+12 3.068E-02 3.559E-02 1.000E+05 0.000E+00 0.000E+00 7.366E+05
 3.99252510E+01   5151.2 7.965E+03 1.447E+12 3.732E-02 4.238E-02 1.000E+05 0.000E+00 0.000E+00 7.486E+05
 4.58111725E+01   5345.0 9.139E+03 2.078E+12 4.874E-02 5.408E-02 1.000E+05 0.000E+00 0.000E+00 7.612E+05
 5.15272089E+01   5568.1 1.028E+04 3.304E+12 7.045E-02 7.723E-02 1.000E+05 2.687E-10 3.362E+02 7.742E+05
 5.65655719E+01   5827.0 1.128E+04 5.786E+12 1.111E-01 1.207E-01 1.000E+05 4.344E-07 3.855E+03 7.871E+05
 6.06640015E+01   6124.4 1.210E+04 1.086E+13 1.886E-01 2.044E-01 1.000E+05 3.209E-05 1.585E+04 7.982E+05
 6.37807875E+01   6466.1 1.272E+04 2.139E+13 3.403E-01 3.690E-01 1.000E+05 1.161E-03 5.119E+04 8.058E+05
 6.60163033E+01   6857.1 1.317E+04 4.323E+13 6.482E-01 6.929E-01 1.000E+05 1.218E-02 1.080E+05 8.088E+05
 6.75478558E+01   7282.9 1.347E+04 8.571E+13 1.268E+00 1.204E+00 1.000E+05 8.037E-02 1.899E+05 8.094E+05
 6.86423081E+01   7654.1 1.369E+04 1.465E+14 2.234E+00 1.522E+00 1.000E+05 3.818E-01 3.117E+05 8.118E+05
 6.95398479E+01   7929.1 1.387E+04 2.110E+14 3.372E+00 1.431E+00 1.000E+05 6.194E-01 3.550E+05 8.161E+05
 7.03817496E+01   8136.1 1.403E+04 2.734E+14 4.573E+00 1.254E+00 1.000E+05 7.489E-01 3.641E+05 8.212E+05
 7.12311768E+01   8313.7 1.420E+04 3.379E+14 5.917E+00 1.132E+00 1.000E+05 8.266E-01 3.681E+05 8.268E+05
 7.21210438E+01   8472.8 1.438E+04 4.055E+14 7.426E+00 1.024E+00 1.000E+05 8.737E-01 3.659E+05 8.328E+05
 7.30777801E+01   8619.5 1.457E+04 4.771E+14 9.124E+00 9.456E-01 1.000E+05 9.060E-01 3.654E+05 8.392E+05
 7.41196392E+01   8763.7 1.477E+04 5.565E+14 1.112E+01 8.714E-01 1.000E+05 9.278E-01 3.607E+05 8.462E+05
 7.52701611E+01   8898.2 1.500E+04 6.398E+14 1.333E+01 8.109E-01 1.000E+05 9.449E-01 3.597E+05 8.535E+05
 7.65464271E+01   9040.7 1.526E+04 7.378E+14 1.606E+01 7.595E-01 1.000E+05 9.566E-01 3.550E+05 8.618E+05
 7.79740628E+01   9170.6 1.554E+04 8.377E+14 1.897E+01 7.488E-01 1.000E+05 9.639E-01 3.525E+05 8.700E+05
PRADK 7.7203E-01
READ MOLECULES
MOLECULES ON
BEGIN                    ITERATION  15 COMPLETED
END
STOP
